$ 1 0.000005 10.20027730826997 50 5 43
R 48 160 48 96 0 0 40 3.3 0 0 0.5
s 0 192 96 192 0 0 false
R 400 96 400 64 0 0 40 12 0 0 0.5
w 400 96 400 160 0
w 240 160 400 160 0
d 464 208 464 160 2 default
w 464 208 496 208 0
f 416 272 464 272 32 1.5 0.02
w 464 256 464 208 0
w 240 192 304 192 0
w 304 192 368 192 0
w 368 192 416 192 0
w 416 192 416 272 0
r 368 192 368 336 0 47000
w 368 336 464 336 0
w 464 336 464 288 0
g 368 336 368 384 0
w 304 336 368 336 0
162 304 192 304 256 2 default-led 1 0.5 0 0.01
w 400 160 464 160 0
w 560 208 496 208 0
407 144 160 256 160 1
w 144 160 48 160 0
g 0 192 0 240 0
r 96 192 144 192 0 120
r 304 256 304 336 0 1000
R 560 144 560 80 0 0 40 12 0 0 0.5
162 560 144 560 208 2 default-led 1 0 0 0.01
